4356
9702
15288024
166
1767
65
205656
168662
8890672
3710
-3623546
-73450740
5009516
646683764
4130
3523
170730
165974
1177
12243
-282021636
-29726016
6364
138984
-11518800
5284
411
67860
867
4946031
3108
150
400
377
7685
33
11682
-1682439171
1098144
1258
1850
-126989122
43758
6888
-2094711
1188106313256
-20726
1195212
0
1920
405
19872
3984
38016
21325125
6873
4163864
-69796
6956
0
340
1324401
0
256
-8128240
1950
598
89284
98
-16863
0
-54857
6391
914
64519
3168
3262
130320
1588
208
2177312
3196107
0
36270
2051
2700
431463760
544
-745
1842
7544
-61399845
475
-3639
-1137074
4951783800
4026
26784
6032440
121
792
4872
-1362
-1830832
679
0
410
0
0
1
